# Waypoints field_forest_large (innere Baeume / grove)
-35.36254335  149.16215267
-35.36218403  149.16215267
-35.36182470  149.16215267
-35.36146538  149.16215267
-35.36110605  149.16215267
-35.36074673  149.16215267
-35.36254335  149.16253821
-35.36218403  149.16253821
-35.36182470  149.16253821
-35.36146538  149.16253821
-35.36110605  149.16253821
-35.36074673  149.16253821
-35.36254335  149.16292375
-35.36218403  149.16292375
-35.36182470  149.16292375
-35.36146538  149.16292375
-35.36110605  149.16292375
-35.36074673  149.16292375
-35.36254335  149.16330929
-35.36218403  149.16330929
-35.36182470  149.16330929
-35.36146538  149.16330929
-35.36110605  149.16330929
-35.36074673  149.16330929
-35.36254335  149.16369483
-35.36218403  149.16369483
-35.36182470  149.16369483
-35.36146538  149.16369483
-35.36110605  149.16369483
-35.36074673  149.16369483
-35.36254335  149.16408037
-35.36218403  149.16408037
-35.36182470  149.16408037
-35.36146538  149.16408037
-35.36110605  149.16408037
-35.36074673  149.16408037
