# Waypoints field_forest_large
-35.36002808  149.16127143
-35.36649592  149.16127143
-35.36002808  149.16171205
-35.36649592  149.16171205
-35.36002808  149.16215267
-35.36649592  149.16215267
-35.36002808  149.16259329
-35.36649592  149.16259329
-35.36002808  149.16303390
-35.36649592  149.16303390
-35.36002808  149.16347452
-35.36649592  149.16347452
-35.36002808  149.16391514
-35.36649592  149.16391514
-35.36002808  149.16435576
-35.36649592  149.16435576
-35.36002808  149.16479638
-35.36649592  149.16479638
-35.36002808  149.16523700
-35.36649592  149.16523700
-35.36002808  149.16567762
-35.36649592  149.16567762
-35.36002808  149.16611824
-35.36649592  149.16611824
-35.36002808  149.16655886
-35.36649592  149.16655886
-35.36002808  149.16699948
-35.36649592  149.16699948
-35.36002808  149.16744010
-35.36649592  149.16744010
-35.36002808  149.16788071
-35.36649592  149.16788071
-35.36002808  149.16832133
-35.36649592  149.16832133
-35.36002808  149.16876195
-35.36649592  149.16876195
-35.36002808  149.16920257
-35.36649592  149.16920257
-35.36613660  149.16127143
-35.36613660  149.16920257
-35.36577727  149.16127143
-35.36577727  149.16920257
-35.36541795  149.16127143
-35.36541795  149.16920257
-35.36505862  149.16127143
-35.36505862  149.16920257
-35.36469930  149.16127143
-35.36469930  149.16920257
-35.36433997  149.16127143
-35.36433997  149.16920257
-35.36398065  149.16127143
-35.36398065  149.16920257
-35.36362132  149.16127143
-35.36362132  149.16920257
-35.36326200  149.16127143
-35.36326200  149.16920257
-35.36290268  149.16127143
-35.36290268  149.16920257
-35.36254335  149.16127143
-35.36254335  149.16920257
-35.36218403  149.16127143
-35.36218403  149.16920257
-35.36182470  149.16127143
-35.36182470  149.16920257
-35.36146538  149.16127143
-35.36146538  149.16920257
-35.36110605  149.16127143
-35.36110605  149.16920257
-35.36074673  149.16127143
-35.36074673  149.16920257
-35.36038740  149.16127143
-35.36038740  149.16920257
